0.999999621194827d0 
-2.848672964184118d-9 
-2.848672964184118d-9 
-2.848672964184118d-9 
0.999999621194827d0 
0.999999621194827d0 
-2.848672964184118d-9 
0.9999999048811381d0 
0.9999999048811381d0 
0.999999954692244d0 
0.9999999872796846d0 
0.9999999904260033d0 
0.9999999904260033d0 
0.9999999183270873d0 
0.9999999048811381d0 
0.999999954692244d0 
0.9999999872796846d0 
0.9999999904260033d0 
0.9999999183270873d0 
0.9999999872796846d0 
0.999999954692244d0 
0.9999999183270873d0 
-1.928931799011213d-9 
0.9999999618441582d0 
0.49999988720654787d0 
0.49999988720654787d0 
0.49999988720654787d0 
0.49999988720654787d0 
0.49999988720654787d0 
0.49999988720654787d0 
