To load "npa-hierarchy":
  Load 1 ASDF system:
    npa-hierarchy
; Loading "npa-hierarchy"


1.7094807989685679d0 
2.001390839685506d0 
1.4548642727416716d0 
1.294180109675499d0 
3.3302568745833336d0 
3.3302568745833323d0 
1.2941801096754988d0 
5.653372867699061d0 
3.278754262750118d0 
5.117637258770274d0 
3.486717758694061d0 
5.887963960793103d0 
4.350326099830083d0 
2.6382077301247606d0 
3.5247223678542507d0 
3.082294977433061d0 
5.615061080028974d0 
2.5687713537622137d0 
3.5050351045607258d0 
1.338470149433904d0 
1.4901988283282295d0 
1.2679493559821176d0 
1.1735603716725622d0 
1.342565860073724d0 
2.075283275809727d0 
2.394636544610102d0 
5.235055846509013d0 
2.605785059672206d0 
3.4944001300680423d0 
4.242355296181372d0 
5.557385144601668d0 
3.3348107553817004d0 
2.11059430115045d0 
3.511178547154497d0 
3.279536018019389d0 
2.4391464667842957d0 
1.4746755056472636d0 
1.5971612201336631d0 
1.412757285381027d0 
1.3384703289706095d0 
1.495534486541822d0 
1.2723764585185164d0 
1.2691540945294466d0 
3.1549485189381645d0 
3.2427156923130163d0 
3.457712786546773d0 
3.2043414517130686d0 
3.3858125640196297d0 
4.346531588226884d0 
2.8547891714657063d0 
4.0028697567180735d0 
2.642622979282842d0 
1.4132311118462773d0 
1.2102048488657644d0 
1.4548644885136375d0 
1.3734101224173885d0 
1.6285918484416213d0 
6.199446661357861d0 
1.296682631899512d0 
4.108622735840186d0 
1.1775714823735586d0 
2.3333332511830895d0 
2.009736329246082d0 
2.048001027744199d0 
1.783213414167685d0 
2.1759531004188672d0 
2.140258476492253d0 
1.7045656761610442d0 
4.299716393885565d0 
1.5322326231998722d0 
1.4647139876019253d0 
5.263133215467633d0 
5.08453582239785d0 
5.549736040338894d0 
1.4635195564544383d0 
4.322582314348234d0 
3.385812564019629d0 
5.7254574024000995d0 
3.892524159743102d0 
3.4218839142014543d0 
6.050635442884895d0 
5.178966954469687d0 
7.269472042666813d0 
4.350326099830083d0 
3.2427156923130127d0 
3.4577127865467716d0 
2.8547891714657085d0 
4.346531588226885d0 
3.505035104560729d0 
2.568771353762217d0 
4.322582314348231d0 
2.9103037623644434d0 
4.216006075255055d0 
2.2369782211834957d0 
5.887963960793103d0 
3.08229497743306d0 
3.524722367854251d0 
5.61506108002898d0 
5.549736040338895d0 
5.912352502833022d0 
6.461264611820045d0 
3.5958226835842715d0 
3.1782610658730985d0 
5.88407262156345d0 
1.62499951557282d0 
1.2719985092979886d0 
1.425893217387923d0 
1.306309989953443d0 
1.4296857091159292d0 
1.267119857167835d0 
5.433125889042476d0 
5.202061824159733d0 
4.212401629179075d0 
4.332003215552996d0 
4.3320032770551835d0 
2.2397448515600544d0 
5.0634820830837795d0 
2.769462423701005d0 
5.999999636037673d0 
4.128260401811082d0 
1.4599663613478835d0 
1.2863962448211994d0 
2.2014155021771615d0 
1.8729505137272298d0 
2.192417058075545d0 
6.219994403917903d0 
6.219994119544175d0 
5.029092012485054d0 
6.0506354428849d0 
5.884072621563453d0 
3.595822683584273d0 
3.178261065873097d0 
5.912352502833027d0 
6.461264611820047d0 
5.178966954469683d0 
7.269472042666807d0 
4.216006075255055d0 
2.9103037623644408d0 
2.3333337280202757d0 
1.1775714823735584d0 
6.199446661357859d0 
1.3734101224173885d0 
2.0097363292460817d0 
1.4635198064544448d0 
5.08453582239785d0 
2.0480010277441982d0 
5.263133215467635d0 
1.4647144476019256d0 
5.653372867699065d0 
3.48671775869406d0 
3.278754262750119d0 
5.117637258770274d0 
4.002869756718075d0 
3.204341451713069d0 
1.3384703289706097d0 
1.4127572853810273d0 
2.394636794610113d0 
1.338470149433904d0 
2.001390839685496d0 
4.242355296181375d0 
5.235055846509016d0 
2.638207730124762d0 
3.511178547154497d0 
2.110594301150452d0 
3.3348107553816924d0 
5.557385144601704d0 
2.4391464667842957d0 
4.128260401811084d0 
6.219994119544182d0 
6.219994403917912d0 
3.279536018019389d0 
5.0290920124850595d0 
5.7254574024001d0 
3.4218839142014543d0 
2.140258476492243d0 
2.1759531004188686d0 
1.783213414167686d0 
1.7045656761610446d0 
1.532232625910825d0 
2.1924168233511856d0 
1.87295051372723d0 
2.2014155021771624d0 
1.2863963525534514d0 
1.4599661113478835d0 
1.4746755056472622d0 
2.2397448515600544d0 
1.597161220133664d0 
2.6057850596722085d0 
2.075283275809647d0 
4.332003215552996d0 
4.332003277055188d0 
2.7694624248532995d0 
5.999999636037673d0 
3.892524159743102d0 
3.4944001300680427d0 
5.0634820830837866d0 
2.642622979282842d0 
4.212401629179071d0 
5.202061824159724d0 
4.299716393885566d0 
1.267119857167835d0 
1.4296857091159292d0 
5.433125889042476d0 
1.296682631899512d0 
1.628591848441621d0 
4.1086227358401874d0 
1.4548644885136375d0 
1.299038078310675d0 
0.12499997055525713d0 
1.709480798968567d0 
1.2102048488657644d0 
1.2679493559821176d0 
1.1735603716725622d0 
1.342565860073724d0 
1.6249995155707144d0 
1.2723764585185164d0 
1.2719985092979886d0 
1.4901985783282297d0 
1.3063099899534427d0 
1.4955344865418219d0 
2.2369782211834957d0 
1.4132311118462773d0 
1.4258934673879229d0 
8.028426390151226d0 
10.55000910913617d0 
5.500283599322928d0 
6.374105209483139d0 
3.198317445447178d0 
4.037392117732903d0 
6.85192555057378d0 
4.517390229218453d0 
3.4277023888770444d0 
5.185225604858639d0 
9.999999191674563d0 
3.670908778727906d0 
7.999999828723407d0 
2.2584998348056176d0 
2.5775581848302513d0 
2.426408262180568d0 
2.154365623856922d0 
2.181572775404057d0 
2.06503328963744d0 
5.447553141922828d0 
1.7963254122557875d0 
3.160070282940202d0 
2.809202371516949d0 
2.844270045750615d0 
2.286974617469922d0 
2.0786234710813574d0 
2.3353546427499623d0 
2.1185760744066977d0 
2.124808339574477d0 
2.063496819882899d0 
1.8492989615755029d0 
2.1215548060137475d0 
2.027332371691428d0 
2.8085110728415517d0 
2.6048551919891167d0 
2.059910867869789d0 
2.1462715210663816d0 
2.1381103643703288d0 
2.502373605831947d0 
4.128260377592386d0 
6.608293348507899d0 
4.44843541385611d0 
4.727303971929653d0 
3.0258124522917695d0 
4.260736028521276d0 
2.879029387372909d0 
2.784186797592596d0 
1.829552164153d0 
4.46450739578186d0 
4.2343595986316815d0 
3.3671646896434786d0 
6.178043651582423d0 
3.2139122868509795d0 
4.039786265591238d0 
7.99999984880578d0 
2.568142456364199d0 
2.552376239365704d0 
1.9374587438756539d0 
4.685570392670289d0 
5.855636324773705d0 
7.9999998875052345d0 
1.3707645295957995d0 
1.6920445376580089d0 
2.146468252952106d0 
2.5229326331113926d0 
9.999999778178632d0 
10.039614549883598d0 
5.0109723831244395d0 
4.679260643072963d0 
3.4510538575203107d0 
6.99413129706541d0 
1.1978113281088851d0 
1.2552359189728715d0 
1.1885559708992717d0 
1.146673272663291d0 
1.720812360079217d0 
3.707480566286815d0 
5.243852196392851d0 
3.4078411157585182d0 
1.322156619081233d0 
1.7037715880928688d0 
2.3479699707735007d0 
4.30648313149911d0 
4.214619928118735d0 
2.122216532705143d0 
6.455032440928082d0 
2.86109285905971d0 
1.1623713418952484d0 
1.2138828532370978d0 
1.1733563937869858d0 
1.2808558153881981d0 
2.232639737483622d0 
1.2185638978515643d0 
1.4739088425644198d0 
2.708446340930852d0 
5.551836691645941d0 
2.2436251553571367d0 
1.5644434215912004d0 
2.0612276016437154d0 
1.4428475631380704d0 
1.684962696120893d0 
5.132017756003025d0 
1.1875786717126104d0 
1.3078697356540463d0 
1.6804998946049658d0 
3.2487998038110586d0 
7.710968487042544d0 
1.2665751468854927d0 
1.2155363029742108d0 
1.184265870981982d0 
1.2679494830790676d0 
1.2864634377579822d0 
1.3647300852636144d0 
1.7692234012289934d0 
1.1747308687398472d0 
3.3309500522962106d0 
1.1978113281088851d0 
1.2552359189728717d0 
1.1771718465841596d0 
1.2080257886036152d0 
1.2080257886036152d0 
1.1851728994126587d0 
1.1792276782548958d0 
1.19360927428776d0 
1.1858131837280537d0 
1.1466732726632909d0 
1.1885559708992717d0 
1.1980613388417929d0 
1.1771718465841592d0 
1.2079659534134022d0 
1.1980613388417927d0 
1.1851728994126587d0 
1.1792276782548958d0 
1.1936092742877598d0 
1.1858131837280539d0 
1.41323085847278d0 
1.41323085847278d0 
1.2702649163330126d0 
1.5085640107673841d0 
1.2702649163330126d0 
1.5085640107673832d0 
1.210585259626289d0 
1.210585259626289d0 
1.2814742906973833d0 
1.356812114233462d0 
1.2814742906973835d0 
1.3568121142334624d0 
1.1802874647753483d0 
1.1896275367355968d0 
1.1896275367355968d0 
1.1802874647753483d0 
3.3460993222896933d0 
3.346099322289692d0 
1.448535174412191d0 
1.7586366317920432d0 
1.1848928837897272d0 
1.3252724417174424d0 
1.1995560163167578d0 
1.24878217754763d0 
3.135348549131481d0 
7.288400953337719d0 
1.7999992823545463d0 
1.6666659965301016d0 
2.499999530940296d0 
2.3333333461019095d0 
1.9999999824079988d0 
2.2499993431071315d0 
2.06349681988275d0 
2.1185760744066986d0 
2.1248083395744772d0 
2.3353546427499623d0 
2.121554806013746d0 
1.8492989625072478d0 
1.1993208879060142d0 
1.174287985168163d0 
1.5622296667891624d0 
1.4863590458594553d0 
1.8295521641529993d0 
1.159271007787332d0 
1.3460009266069455d0 
2.333332878538106d0 
1.2800419445023077d0 
1.362374506635252d0 
2.577558184830251d0 
2.2584998348056002d0 
2.06503328963744d0 
2.1543656238569215d0 
2.1815727754040575d0 
2.4264082621805674d0 
1.7928633490429475d0 
2.0184391677223243d0 
2.536135228065054d0 
1.5508395432434594d0 
2.6666668941389853d0 
2.5178375837011777d0 
3.3309502087178053d0 
3.330950208717807d0 
1.1747308371518412d0 
3.3309500522962106d0 
1.3647300852636142d0 
1.7692234012289931d0 
1.249201434697822d0 
1.2492014346628846d0 
1.1623713418952486d0 
1.2864634377579824d0 
1.3460936959797345d0 
1.4189761606016413d0 
1.2187815995615034d0 
1.3460936959797343d0 
1.4189761606016402d0 
1.2187815995615037d0 
1.221563335125336d0 
1.2043444427090415d0 
1.1993208879060142d0 
1.2078712205653794d0 
1.1760023587774056d0 
1.5623502035556753d0 
1.681875950512385d0 
1.5623499635556755d0 
1.4766163841566804d0 
1.4060224407758852d0 
1.2600753250924661d0 
1.3624670353757022d0 
1.3252724417174426d0 
1.1848928837897272d0 
1.362467035375702d0 
1.2600753250924663d0 
1.4766163841566806d0 
1.4060222107758849d0 
6.7349034459738615d0 
5.202367861160372d0 
1.5843788301749542d0 
1.7558757079491376d0 
1.4156001587445146d0 
1.4484003617365917d0 
1.2496786764430199d0 
1.3287182591919382d0 
1.6029780898623143d0 
1.7262399653069531d0 
1.6116025575341784d0 
1.7832572909406375d0 
1.4139978309968442d0 
1.369908071332524d0 
1.2660156901683648d0 
1.1863785483015439d0 
1.479114247135799d0 
1.258994344721638d0 
1.633882752361932d0 
1.4117093695047624d0 
1.2205707703003528d0 
1.1824035531273687d0 
1.226754553870764d0 
1.4368960730521083d0 
1.3116586900091685d0 
6.000494626774952d0 
1.7732149575025216d0 
2.6000015547775526d0 
1.5016226080869843d0 
1.2708424677216734d0 
6.511765175574199d0 
6.520215260541131d0 
1.2865487623772547d0 
1.4368563146690199d0 
2.661872469561388d0 
1.3269235225767577d0 
3.500354965929678d0 
1.2233057686485482d0 
1.1842658709819824d0 
1.2078712205653797d0 
1.1760023587774058d0 
1.2215633351253359d0 
1.178539959050247d0 
1.2013496206468426d0 
1.178539998434673d0 
4.70027588374136d0 
1.262541576179598d0 
4.752894589613737d0 
1.2814280649497891d0 
4.063471874142351d0 
8.66047647519886d0 
8.531494437567927d0 
3.712965826481425d0 
1.7715626683894954d0 
1.6712746787501171d0 
4.679260643072968d0 
7.545868442042703d0 
1.1852758893924658d0 
1.2546069758761518d0 
1.2665751468854927d0 
1.2155363029742108d0 
1.2043444427090417d0 
1.2013496206468424d0 
5.000138376033539d0 
3.0285446855185016d0 
2.9999992205580406d0 
3.9999998625584476d0 
2.568142456364199d0 
1.9374587438756539d0 
3.0164133337779724d0 
2.5523762393657026d0 
1.3460008066069453d0 
1.203719578497342d0 
1.1853597477837066d0 
1.2546069758761518d0 
3.1385131371176316d0 
3.842146653241622d0 
1.4368563146690199d0 
1.5836502026221435d0 
1.3097747733817475d0 
1.3062224323545992d0 
1.262541576179598d0 
1.4384456653035191d0 
1.2226361561000427d0 
1.3269235225767582d0 
4.700275883741356d0 