1.207106732455021d0 
-2.848673186228723d-9 
1.2071066267296469d0 
3.2499997996384637d0 
3.250939674945951d0 
3.250939674345859d0 
1.2071066810033373d0 
1.9999998517489823d0 
1.1994468732528145d0 
-2.848673186228723d-9 
1.2071066267296469d0 
1.2071066837134072d0 
3.250939673548584d0 
3.250939675266935d0 
1.9999998493968127d0 
1.2509396958300494d0 
2.250939629349425d0 
1.2071064462521062d0 
1.2071064846240633d0 
-5.325070828732237d-9 
1.2509396255503913d0 
1.2071064606498685d0 
2.2509397011234897d0 
2.999999546382172d0 
-2.848673186228723d-9 
1.2071063454500135d0 
1.2509396410735354d0 
1.2509396415868164d0 
1.2499998304648576d0 
1.2499996237493818d0 
3.250939684925053d0 
2.2509397008590493d0 
1.207106693407325d0 
3.2509396860446182d0 
1.2071067015557415d0 
2.2509395460412174d0 
2.999999579370229d0 
1.2499996188606373d0 
3.2499998281562315d0 
2.2509397007333103d0 
1.2071064779368648d0 
1.2509396267902462d0 
1.2509396950322609d0 
2.2509396286920262d0 
1.2071064503539086d0 
1.1994468790897193d0 
3.249999794198808d0 
1.2071066970788817d0 
1.2071064846240633d0 
-5.325070828732237d-9 
1.2071066916588071d0 
1.20710673352652d0 
-5.325070828732237d-9 
1.2071067319569435d0 
1.99999982222066d0 
2.030016127770987d0 
1.9999998392868266d0 
1.999999838889269d0 
0.9999993883262359d0 
2.9999997183680955d0 
2.0606780673769376d0 
0.9999999562125292d0 
1.9999997853416267d0 
0.99999993089692d0 
1.9999996043304913d0 
2.030016115943608d0 
0.9999998628997342d0 
2.999999719576382d0 
2.566186754525818d0 
2.060678567064879d0 
2.566186744589145d0 
1.9999997857502998d0 
1.9999995998996605d0 
0.9999999311486597d0 
0.9999999562312903d0 
0.9999994126710168d0 
0.9999998088316673d0 
1.99999951294979d0 
1.9999995075552697d0 
1.99999970276519d0 
0.49999946513804544d0 
0.9999998898369671d0 
0.9999997717716409d0 
1.9999999252105978d0 
0.9999995189490426d0 
0.9999999185976145d0 
0.9999999908745978d0 
1.9999999250288782d0 
0.9999998898369671d0 
0.49999946513804544d0 
0.9999999185976145d0 
-5.542509645684035d-10 
0.9999995191341451d0 
0.9999997731751176d0 
1.999999711035175d0 
0.9999999130353837d0 
0.9999994126710168d0 
0.9999994749383219d0 
0.9999999927341976d0 
0.9999999908745978d0 
-1.928931292471958d-9 
0.9999999869007969d0 
-5.542509645684035d-10 
0.9999999869007969d0 
0.9999999618441582d0 
