0 
0.1457
0.1355
0.1457
0
0.1355
0.1355
0.1355
0.1666
0.1457
0
0.1355
0
0.1457
0.1355
0.1355
0.1355
0.1666
0
0.1457
0.1355
0.1457
0
0.1355
0.1355
0.1355
0.1666
0
0.1457
0.1355
0.1457
0
0.1355
0.1355
0.1355
0.1666
0
0.1457
0.1355
0.1457
0
0.1355
0.1355
0.1355
0.1666
0
0.1457
0.1355
0.1457
0
0.1355
0.1355
0.1355
0.1666
0.1457
0
0.1355
0
0.1457
0.1355
0.1355
0.1355
0.1666
0.1457
0
0.1355
0
0.1457
0.1355
0.1355
0.1355
0.1666
0
0.1457
0.1355
0.1457
0
0.1355
0.1355
0.1355
0.1666
0.1457
0
0.1355
0
0.1457
0.1355
0.1355
0.1355
0.1666
0
0.1457
0.1355
0.1457
0
0.1355
0.1355
0.1355
0.1666
0.1457
0
0.1355
0
0.1457
0.1355
0.1355
0.1355
0.1666
0
0.1457
0.1355
0.1457
0
0.1355
0.1355
0.1355
0.1666
0.1457
0
0.1355
0
0.1457
0.1355
0.1355
0.1355
0.1666
0.1457
0
0.1355
0
0.1457
0.1355
0.1355
0.1355
0.1666
0.1457
0
0.1355
0
0.1457
0.1355
0.1355
0.1355
0.1666
